机器码：0366760883420322652050866367456683682107
    用户名：1
    注册码：
        1726465236
        1379065109
        1047848282
        2466697349
        7751336494
        2999284986
        0636841217
        1124252866
        3715224969
        2503044274
        9500983386
        1567264364
        0277340552
        3222088760
        7004581123
        2685359320
        9163607069
        5574
        3501009218
        1801562070
        3808223118
        1208076156
        2330471330
        4307223119
        5239178039
        0321491951
        6306923323
        8046254089
        0791471951
        5318808708
        1144179208
        0682382340
        3325104605
        8230180155
        1860340831
        5119316406
        5238234090
        1330470762
        2512822913
        8095023162
        246




SAMSUNGMVLW128HEGR000H1BFEBFBFF000906EAC8D9D2970B2716N

KNGYQGMSICETWOOT06A0FN0ATIDV18OCEHG9NFEWC2MG9XC71G02GC802I07F01H96S0ONLG98NJIO 
        18433962
